======================================================================
SEPARABLE VERB PREFIX SCORING STATISTICS
======================================================================

Input: results\results_mgpt.csv
Model: results_mgpt

OVERALL
----------------------------------------------------------------------
Total items:        255
Valid predictions:  255
Correct:            222
Accuracy:           0.8706
95% bootstrap CI:   [0.8275, 0.9098]

MARGIN
----------------------------------------------------------------------
mean: 4.5085
median: 4.3406
std: 3.9002
min: -5.2022
max: 15.7845
positive_margin_rate: 0.8706
negative_margin_rate: 0.1294
zero_margin_rate: 0.0000

CORRELATIONS
----------------------------------------------------------------------
Distance vs margin (Pearson r): 0.18615683534250288
Distance vs accuracy (Pearson r): 0.10698007802559845

ACCURACY BY DISTANCE BUCKET
----------------------------------------------------------------------
distance_bucket  n_items  accuracy  mean_distance  median_distance  mean_margin  median_margin  mean_correct_logprob  mean_correct_logprob_per_token
           long       85  0.917647      12.070588             10.0     5.068860       5.119793             -1.805347                       -1.734588
         medium       85  0.847059       4.741176              5.0     4.262497       3.878418             -2.416555                       -2.234482
          short       85  0.847059       1.341176              1.0     4.194101       3.906979             -2.673198                       -2.644467

ACCURACY BY EXACT DISTANCE
----------------------------------------------------------------------
 n_intervening_tokens  n_items  accuracy  mean_margin  median_margin
                    0       11  0.818182     3.586146       3.724442
                    1       34  0.882353     4.304323       3.547345
                    2       40  0.825000     4.267599       4.437233
                    3       27  0.777778     4.411696       4.742023
                    4       12  0.833333     5.142244       4.916884
                    5       16  0.875000     3.139246       3.345428
                    6       16  0.937500     5.258656       4.927750
                    7       14  0.857143     3.365937       3.278101
                    8       16  0.875000     4.059412       4.441685
                    9       22  1.000000     4.550153       3.935280
                   10       12  0.833333     3.243193       4.520369
                   11        8  0.750000     4.858299       5.010777
                   12        3  1.000000     7.227348       7.309154
                   13        2  1.000000     6.030231       6.030231
                   14        4  1.000000     6.509716       6.404688
                   15        2  1.000000     3.716559       3.716559
                   16        2  1.000000     5.309845       5.309845
                   17        3  0.666667     8.209388      10.085816
                   18        2  1.000000     8.058367       8.058367
                   19        2  1.000000     4.008768       4.008768
                   22        1  1.000000     7.566696       7.566696
                   23        1  1.000000    11.739891      11.739891
                   24        1  1.000000     8.504147       8.504147
                   26        1  1.000000    10.112900      10.112900
                   27        1  1.000000     3.935966       3.935966
                   29        1  1.000000    10.513439      10.513439
                   36        1  1.000000     9.044752       9.044752

ACCURACY BY VERB STEM
----------------------------------------------------------------------
verb_stem  n_items  accuracy  mean_distance  mean_margin  median_margin  mean_correct_logprob
 schlagen       15  0.733333       6.733333     3.387340       3.935966             -2.895738
  bringen       15  0.800000       5.800000     2.126866       2.481068             -3.109531
   führen       15  0.800000       6.133333     4.018231       2.753971             -2.083256
   fallen       15  0.800000       5.133333     4.190584       3.906979             -2.038790
   laufen       15  0.800000       5.200000     4.717738       5.699020             -2.913480
    gehen       15  0.800000       7.733333     5.806731       6.213008             -2.269171
   ziehen       15  0.800000       6.400000     3.255554       3.624584             -2.618772
    geben       15  0.866667       5.533333     4.196528       4.007977             -2.413618
   setzen       15  0.866667       6.733333     4.753812       5.814190             -2.435091
   machen       15  0.866667       5.266667     3.397908       3.425802             -3.269030
   kommen       15  0.933333       6.333333     5.603316       4.974667             -2.557228
   nehmen       15  0.933333       6.266667     5.975077       6.770889             -1.699392
  stellen       15  0.933333       5.800000     4.171929       3.720581             -2.428296
   treten       15  0.933333       5.400000     3.698370       3.449398             -1.853121
    sehen       15  0.933333       6.266667     4.635991       5.111553             -1.514503
   halten       15  1.000000       5.333333     6.617842       5.621613             -2.034850
   finden       15  1.000000       6.800000     6.090443       6.065983             -0.938365

ACCURACY BY NUMBER OF DISTRACTORS
----------------------------------------------------------------------
 n_distractors  n_items  accuracy  mean_margin
             1      255  0.870588     4.508486

DATA QUALITY
----------------------------------------------------------------------
rows: 255
unique_items: 255
duplicate_item_ids: 0
missing_correct_logprob: 0
missing_margin: 0
missing_distance: 0
missing_prediction: 0
