======================================================================
SEPARABLE VERB PREFIX SCORING STATISTICS
======================================================================

Input: results\results_dbmdz.csv
Model: results_dbmdz

OVERALL
----------------------------------------------------------------------
Total items:        255
Valid predictions:  255
Correct:            234
Accuracy:           0.9176
95% bootstrap CI:   [0.8824, 0.9490]

MARGIN
----------------------------------------------------------------------
mean: 5.0568
median: 5.1898
std: 3.5644
min: -5.1721
max: 14.1519
positive_margin_rate: 0.9176
negative_margin_rate: 0.0824
zero_margin_rate: 0.0000

CORRELATIONS
----------------------------------------------------------------------
Distance vs margin (Pearson r): 0.13976034753013558
Distance vs accuracy (Pearson r): 0.11873692017497602

ACCURACY BY DISTANCE BUCKET
----------------------------------------------------------------------
distance_bucket  n_items  accuracy  mean_distance  median_distance  mean_margin  median_margin  mean_correct_logprob  mean_correct_logprob_per_token
           long       85  0.964706      12.070588             10.0     5.651763       5.560547             -1.618391                       -1.618391
         medium       85  0.894118       4.741176              5.0     4.807878       5.117058             -1.928346                       -1.905584
          short       85  0.894118       1.341176              1.0     4.710895       4.761795             -2.257674                       -2.257674

ACCURACY BY EXACT DISTANCE
----------------------------------------------------------------------
 n_intervening_tokens  n_items  accuracy  mean_margin  median_margin
                    0       11  0.727273     3.772610       4.520203
                    1       34  0.941176     5.227347       4.562756
                    2       40  0.900000     4.529939       4.885303
                    3       27  0.851852     4.437876       5.079796
                    4       12  0.916667     5.724274       5.846874
                    5       16  0.875000     4.472113       4.975609
                    6       16  1.000000     5.995127       6.457050
                    7       14  0.857143     3.762848       4.180264
                    8       16  0.937500     5.652370       5.979092
                    9       22  0.954545     4.718294       5.292950
                   10       12  1.000000     4.074502       4.311134
                   11        8  1.000000     6.978767       6.757675
                   12        3  1.000000     9.571988      10.528923
                   13        2  1.000000     6.396618       6.396618
                   14        4  0.750000     5.507986       5.192177
                   15        2  1.000000     5.358019       5.358019
                   16        2  1.000000     6.859661       6.859661
                   17        3  1.000000     8.911906       8.421547
                   18        2  1.000000     5.462650       5.462650
                   19        2  1.000000     5.258343       5.258343
                   22        1  1.000000     7.258675       7.258675
                   23        1  1.000000     5.116852       5.116852
                   24        1  1.000000     7.726173       7.726173
                   26        1  1.000000     8.030723       8.030723
                   27        1  1.000000     1.404663       1.404663
                   29        1  1.000000     8.523720       8.523720
                   36        1  1.000000     7.220306       7.220306

ACCURACY BY VERB STEM
----------------------------------------------------------------------
verb_stem  n_items  accuracy  mean_distance  mean_margin  median_margin  mean_correct_logprob
 schlagen       15  0.733333       6.733333     3.422431       4.777702             -3.155881
  bringen       15  0.866667       5.800000     3.258702       3.416657             -2.464229
   laufen       15  0.866667       5.200000     5.908943       6.430283             -2.224013
   fallen       15  0.866667       5.133333     4.231878       4.761795             -2.270502
   setzen       15  0.866667       6.733333     4.163134       4.567742             -2.192877
  stellen       15  0.866667       5.800000     4.436932       4.992905             -2.222870
   treten       15  0.866667       5.400000     5.248811       6.014442             -1.157506
    gehen       15  0.933333       7.733333     6.134310       6.740509             -1.764760
    geben       15  0.933333       5.533333     4.571525       4.285755             -1.999148
   halten       15  0.933333       5.333333     6.755478       6.078286             -2.197183
   kommen       15  0.933333       6.333333     4.853928       5.051162             -2.185966
   ziehen       15  0.933333       6.400000     4.735708       4.493752             -1.459440
   finden       15  1.000000       6.800000     7.395416       7.955307             -0.758737
   machen       15  1.000000       5.266667     4.069638       3.034622             -2.949488
   nehmen       15  1.000000       6.266667     6.330797       6.719162             -1.080023
   führen       15  1.000000       6.133333     5.146570       3.324608             -1.829585
    sehen       15  1.000000       6.266667     5.302171       5.474964             -0.979451

ACCURACY BY NUMBER OF DISTRACTORS
----------------------------------------------------------------------
 n_distractors  n_items  accuracy  mean_margin
             1      255  0.917647     5.056846

DATA QUALITY
----------------------------------------------------------------------
rows: 255
unique_items: 255
duplicate_item_ids: 0
missing_correct_logprob: 0
missing_margin: 0
missing_distance: 0
missing_prediction: 0
