======================================================================
SEPARABLE VERB PREFIX SCORING STATISTICS
======================================================================

Input: results\results_gerpt2_large.csv
Model: results_gerpt2_large

OVERALL
----------------------------------------------------------------------
Total items:        255
Valid predictions:  255
Correct:            238
Accuracy:           0.9333
95% bootstrap CI:   [0.9020, 0.9608]

MARGIN
----------------------------------------------------------------------
mean: 5.9563
median: 6.2342
std: 3.5539
min: -4.2873
max: 14.6403
positive_margin_rate: 0.9333
negative_margin_rate: 0.0667
zero_margin_rate: 0.0000

CORRELATIONS
----------------------------------------------------------------------
Distance vs margin (Pearson r): 0.2369705521672364
Distance vs accuracy (Pearson r): 0.10755329897209104

ACCURACY BY DISTANCE BUCKET
----------------------------------------------------------------------
distance_bucket  n_items  accuracy  mean_distance  median_distance  mean_margin  median_margin  mean_correct_logprob  mean_correct_logprob_per_token
           long       85  0.964706      12.070588             10.0     6.794372       6.963510             -1.095495                       -1.095495
         medium       85  0.941176       4.741176              5.0     5.811046       6.070942             -1.648840                       -1.622160
          short       85  0.894118       1.341176              1.0     5.263517       5.200062             -2.089359                       -2.078502

ACCURACY BY EXACT DISTANCE
----------------------------------------------------------------------
 n_intervening_tokens  n_items  accuracy  mean_margin  median_margin
                    0       11  1.000000     5.268457       5.559473
                    1       34  0.911765     5.415877       5.139425
                    2       40  0.850000     5.132652       5.442640
                    3       27  0.888889     5.145631       4.801103
                    4       12  1.000000     6.445920       6.430955
                    5       16  0.937500     5.737438       6.301771
                    6       16  1.000000     7.030118       7.277722
                    7       14  0.928571     5.241066       6.006961
                    8       16  0.937500     6.160003       6.316957
                    9       22  1.000000     5.951938       6.211274
                   10       12  0.916667     5.116417       5.834266
                   11        8  0.875000     7.131035       7.733075
                   12        3  1.000000    10.210273      10.020034
                   13        2  1.000000     9.861368       9.861368
                   14        4  1.000000     8.103652       7.506786
                   15        2  1.000000     6.166803       6.166803
                   16        2  1.000000     7.225917       7.225917
                   17        3  1.000000     9.776188      11.291546
                   18        2  1.000000     8.782230       8.782230
                   19        2  1.000000     5.388014       5.388014
                   22        1  1.000000     8.658591       8.658591
                   23        1  1.000000     9.703534       9.703534
                   24        1  1.000000     6.609623       6.609623
                   26        1  1.000000    11.594181      11.594181
                   27        1  1.000000     3.447802       3.447802
                   29        1  1.000000    12.068486      12.068486
                   36        1  1.000000    10.268791      10.268791

ACCURACY BY VERB STEM
----------------------------------------------------------------------
verb_stem  n_items  accuracy  mean_distance  mean_margin  median_margin  mean_correct_logprob
  bringen       15  0.733333       5.800000     3.097200       4.584242             -2.527681
   ziehen       15  0.800000       6.400000     4.708630       4.190432             -1.937973
   machen       15  0.866667       5.266667     5.157562       6.169193             -2.537338
 schlagen       15  0.866667       6.733333     5.022785       5.259535             -2.154188
   laufen       15  0.866667       5.200000     6.195721       6.790968             -1.878421
   treten       15  0.933333       5.400000     5.286047       4.727104             -1.514798
   kommen       15  0.933333       6.333333     6.535036       8.186476             -1.705870
   führen       15  0.933333       6.133333     6.016731       5.762005             -1.385721
    gehen       15  0.933333       7.733333     7.397633       8.150219             -1.521795
   halten       15  1.000000       5.333333     8.366628       7.976708             -0.873267
   fallen       15  1.000000       5.133333     5.886250       6.528286             -1.336082
    geben       15  1.000000       5.533333     5.265875       5.559473             -1.874294
   nehmen       15  1.000000       6.266667     6.492220       6.609623             -1.047689
    sehen       15  1.000000       6.266667     6.138093       6.218476             -1.224999
   setzen       15  1.000000       6.733333     6.714552       6.142887             -1.091437
   finden       15  1.000000       6.800000     8.009066       8.658591             -0.640582
  stellen       15  1.000000       5.800000     4.967268       3.851191             -2.138797

ACCURACY BY NUMBER OF DISTRACTORS
----------------------------------------------------------------------
 n_distractors  n_items  accuracy  mean_margin
             1      255  0.933333     5.956312

DATA QUALITY
----------------------------------------------------------------------
rows: 255
unique_items: 255
duplicate_item_ids: 0
missing_correct_logprob: 0
missing_margin: 0
missing_distance: 0
missing_prediction: 0
